[15:02:10] [/home/george/au/chemistry/src/main.cpp:472] nDims = 18
[15:02:22] [/home/george/au/chemistry/src/optimization/delta_strategies/QuasiNewtonDeltaStrategy.h:67] B in quasi:
    0.154241   0.00898428   -0.0148806   0.00897713    0.0175993  -0.00869264    -0.146516    0.0441588    0.0176967    -0.117987   -0.0823091   -0.0152801
  0.00898428    0.0795989    0.0601601   0.00403794   -0.0109411   0.00285355  -0.00020225  -0.00179577  -0.00180769  -0.00773398 -0.000849657  -0.00346764
  -0.0148806    0.0601601   -0.0916356    0.0105549    0.0199042  -0.00586044  8.33432e-05   0.00115393   0.00179204 -0.000769387   0.00587926   0.00582638
  0.00897713   0.00403794    0.0105549    0.0625447   -0.0790402  -0.00159649  -0.00594765   0.00307841   0.00397254  -1.8495e-06   0.00170952   0.00143733
   0.0175993   -0.0109411    0.0199042   -0.0790402   -0.0716912   0.00187034   0.00460989   0.00334181   0.00342679  -0.00152873  0.000693638  0.000754105
 -0.00869264   0.00285355  -0.00586044  -0.00159649   0.00187034    0.0641239  -0.00172741  -0.00614939    0.0200888  0.000560535  -0.00132999   0.00420694
   -0.146516  -0.00020225  8.33432e-05  -0.00594765   0.00460989  -0.00172741     0.127404   -0.0510019   -0.0169613   0.00751838    0.0231115   0.00670077
   0.0441588  -0.00179577   0.00115393   0.00307841   0.00334181  -0.00614939   -0.0510019     0.108481  -0.00259668   -0.0194699   0.00183443   0.00956766
   0.0176967  -0.00180769   0.00179204   0.00397254   0.00342679    0.0200888   -0.0169613  -0.00259668     0.115591  -0.00839657   0.00493048   -0.0106337
   -0.117987  -0.00773398 -0.000769387  -1.8495e-06  -0.00152873  0.000560535   0.00751838   -0.0194699  -0.00839657     0.115264    0.0684021    0.0232767
  -0.0823091 -0.000849657   0.00587926   0.00170952  0.000693638  -0.00132999    0.0231115   0.00183443   0.00493048    0.0684021   -0.0225459   -0.0510641
  -0.0152801  -0.00346764   0.00582638   0.00143733  0.000754105   0.00420694   0.00670077   0.00956766   -0.0106337    0.0232767   -0.0510641    0.0850783
[15:02:22] [/home/george/au/chemistry/src/optimization/stop_strategies/HistoryStrategyWrapper.h:19] Delta strategy iteration:
	iteration: 0
	value: -77.6537
	point: 0 0 0 0 0 0 0 0 0 0 0 0
	grad:   0.119594 -0.0387632   0.130393 -0.0590857  -0.128948 0.00520173   0.105956   0.125978  0.0410166   0.058361  -0.147057 -0.0595913
	delta:   -0.119594   0.0387632   -0.130393   0.0590857    0.128948 -0.00520173   -0.105956   -0.125978  -0.0410166   -0.058361    0.147057   0.0595913

[15:02:22] [/home/george/au/chemistry/src/optimization/stop_strategies/AtomicStopStrategy.h:72] too large delta single value: 0.119594 > 0.0018 [          0           0           0   -0.119594           0           0   0.0387632   -0.130393           0   0.0590857    0.128948 -0.00520173   -0.105956   -0.125978  -0.0410166   -0.058361    0.147057   0.0595913]
[15:02:25] [/home/george/au/chemistry/src/optimization/delta_strategies/QuasiNewtonDeltaStrategy.h:67] B in quasi:
   0.0928311   -0.0100111    0.0460306   -0.0148201   -0.0424137  -0.00361935    -0.111726   -0.0276191  -0.00231667   -0.0461115   -0.0642163   -0.0182145
  -0.0100111    0.0751033    0.0748928  -0.00154444   -0.0255163   0.00400313    0.0069476   -0.0243584  -0.00777346    0.0110766    0.0075692  -0.00288478
   0.0460306    0.0748928    -0.139822    0.0288641    0.0675577  -0.00964313   -0.0236733    0.0734211    0.0209737    -0.061874   -0.0204685   0.00429981
  -0.0148201  -0.00154444    0.0288641    0.0556151   -0.0971564 -0.000171403   0.00287975   -0.0252008  -0.00349324    0.0234408    0.0123581   0.00222113
  -0.0424137   -0.0255163    0.0675577   -0.0971564    -0.118815   0.00561542    0.0281725   -0.0678441   -0.0154818     0.058823    0.0265307   0.00219365
 -0.00361935   0.00400313  -0.00964313 -0.000171403   0.00561542    0.0638324  -0.00350328 -0.000110029    0.0216738  -0.00433668    -0.003683   0.00399608
   -0.111726    0.0069476   -0.0236733   0.00287975    0.0281725  -0.00350328     0.117146  -0.00939549  -0.00621147   -0.0242458   0.00547586   0.00446274
  -0.0276191   -0.0243584    0.0734211   -0.0252008   -0.0678441 -0.000110029  -0.00939549    0.0246792   -0.0260476    0.0654339    0.0222449   0.00574873
 -0.00231667  -0.00777346    0.0209737  -0.00349324   -0.0154818    0.0216738  -0.00621147   -0.0260476     0.109105    0.0144702    0.0112865   -0.0113472
  -0.0461115    0.0110766    -0.061874    0.0234408     0.058823  -0.00433668   -0.0242458    0.0654339    0.0144702    0.0396248    0.0402274    0.0230152
  -0.0642163    0.0075692   -0.0204685    0.0123581    0.0265307    -0.003683   0.00547586    0.0222449    0.0112865    0.0402274   -0.0221044   -0.0471513
  -0.0182145  -0.00288478   0.00429981   0.00222113   0.00219365   0.00399608   0.00446274   0.00574873   -0.0113472    0.0230152   -0.0471513    0.0865478
[15:02:25] [/home/george/au/chemistry/src/optimization/stop_strategies/HistoryStrategyWrapper.h:19] Delta strategy iteration:
	iteration: 1
	value: -77.7663
	point:   -0.119594   0.0387632   -0.130393   0.0590857    0.128948 -0.00520173   -0.105956   -0.125978  -0.0410166   -0.058361    0.147057   0.0595913
	grad:   0.103351 -0.0448764   0.149745 -0.0667834  -0.147968 0.00687476   0.118008   0.107277  0.0355456  0.0800726  -0.144498 -0.0615434
	delta:   -0.103351   0.0448764   -0.149745   0.0667834    0.147968 -0.00687476   -0.118008   -0.107277  -0.0355456  -0.0800726    0.144498   0.0615434

[15:02:25] [/home/george/au/chemistry/src/optimization/stop_strategies/AtomicStopStrategy.h:72] too large delta single value: 0.103351 > 0.0018 [          0           0           0   -0.103351           0           0   0.0448764   -0.149745           0   0.0667834    0.147968 -0.00687476   -0.118008   -0.107277  -0.0355456  -0.0800726    0.144498   0.0615434]
[15:02:28] [/home/george/au/chemistry/src/optimization/delta_strategies/QuasiNewtonDeltaStrategy.h:67] B in quasi:
   0.326914   0.0588293   -0.200626   0.0699328    0.191947  -0.0231673  -0.0931412     0.39702     0.10395   -0.278482   -0.238298  -0.0413603
  0.0588293   0.0979277 -0.00514421   0.0267823   0.0509218 -0.00226682  0.00560785   0.0985176   0.0233865  -0.0630469  -0.0383371 -0.00731773
  -0.200626 -0.00514421    0.141885  -0.0703319   -0.201242     0.01247  -0.0234724   -0.368202  -0.0907353    0.199801    0.147589   0.0217876
  0.0699328   0.0267823  -0.0703319   0.0907883 -0.00238975 -0.00793642 0.000632805    0.125902   0.0348614  -0.0683244  -0.0436951 -0.00302807
   0.191947   0.0509218   -0.201242 -0.00238975    0.137725  -0.0154744   0.0269503     0.35146   0.0906446   -0.190685   -0.132348  -0.0140626
 -0.0231673 -0.00226682     0.01247 -0.00793642  -0.0154744   0.0655701 -0.00368026  -0.0351662   0.0128181   0.0162375  0.00978578  0.00544931
 -0.0931412  0.00560785  -0.0234724 0.000632805   0.0269503 -0.00368026    0.136575   0.0296062  0.00246679  -0.0274282  -0.0222981 -0.00363791
    0.39702   0.0985176   -0.368202    0.125902     0.35146  -0.0351662   0.0296062    0.796555    0.166797   -0.351603   -0.297658  -0.0380834
    0.10395   0.0233865  -0.0907353   0.0348614   0.0906446   0.0128181  0.00246679    0.166797     0.15735   -0.090814  -0.0679287  -0.0219389
  -0.278482  -0.0630469    0.199801  -0.0683244   -0.190685   0.0162375  -0.0274282   -0.351603   -0.090814    0.283277    0.201172   0.0406663
  -0.238298  -0.0383371    0.147589  -0.0436951   -0.132348  0.00978578  -0.0222981   -0.297658  -0.0679287    0.201172    0.118199  -0.0250712
 -0.0413603 -0.00731773   0.0217876 -0.00302807  -0.0140626  0.00544931 -0.00363791  -0.0380834  -0.0219389   0.0406663  -0.0250712   0.0910212
[15:02:28] [/home/george/au/chemistry/src/optimization/stop_strategies/HistoryStrategyWrapper.h:19] Delta strategy iteration:
	iteration: 2
	value: -77.8858
	point:  -0.222945  0.0836397  -0.280138   0.125869   0.276916 -0.0120765  -0.223964  -0.233255 -0.0765622  -0.138434   0.291555   0.121135
	grad:  0.0855039 -0.0494559   0.166606 -0.0723627  -0.163887 0.00822996   0.114825  0.0743812  0.0274198  0.0962881  -0.129854 -0.0591629
	delta:  -0.0855039   0.0494559   -0.166606   0.0723627    0.163887 -0.00822996   -0.114825  -0.0743812  -0.0274198  -0.0962881    0.129854   0.0591629

[15:02:28] [/home/george/au/chemistry/src/optimization/stop_strategies/AtomicStopStrategy.h:72] too large delta single value: 0.0855039 > 0.0018 [          0           0           0  -0.0855039           0           0   0.0494559   -0.166606           0   0.0723627    0.163887 -0.00822996   -0.114825  -0.0743812  -0.0274198  -0.0962881    0.129854   0.0591629]
[15:02:31] [/home/george/au/chemistry/src/optimization/delta_strategies/QuasiNewtonDeltaStrategy.h:67] B in quasi:
   0.0577915   0.00512897   -0.0130276   0.00334681    0.0048433  -0.00474711   -0.0285787    0.0276429   0.00941135  -0.00301126    -0.112708   -0.0375358
  0.00512897    0.0883568    0.0302486     0.015267    0.0166871   0.00137654    0.0108699    0.0184068   0.00328299   -0.0126231  -0.00609231  -0.00413004
  -0.0130276    0.0302486     0.014752   -0.0270743   -0.0763431 -0.000312875   -0.0548905   -0.0992968   -0.0226249    0.0158774    0.0472341    0.0147989
  0.00334681     0.015267   -0.0270743     0.077055   -0.0438853  -0.00342872   0.00481219    0.0245969   0.00955244  -0.00719951  -0.00150192   0.00167068
   0.0048433    0.0166871   -0.0763431   -0.0438853    0.0160389  -0.00275513    0.0511951    0.0773041    0.0215606   -0.0114731   -0.0255724   -0.0048365
 -0.00474711   0.00137654 -0.000312875  -0.00342872  -0.00275513    0.0643103  -0.00788495  -0.00970384    0.0193237  -0.00248947  0.000987671   0.00511935
  -0.0285787    0.0108699   -0.0548905   0.00481219    0.0511951  -0.00788495     0.171834     0.160877    0.0334003   -0.0632588    -0.100271   -0.0207007
   0.0276429    0.0184068   -0.0992968    0.0245969    0.0773041  -0.00970384     0.160877     0.325433    0.0439784    0.0519191      -0.1655   -0.0464057
  0.00941135   0.00328299   -0.0226249   0.00955244    0.0215606    0.0193237    0.0334003    0.0439784     0.125483    0.0108755   -0.0315927   -0.0232213
 -0.00301126   -0.0126231    0.0158774  -0.00719951   -0.0114731  -0.00248947   -0.0632588    0.0519191    0.0108755    0.0193456     0.044095    0.0271258
   -0.112708  -0.00609231    0.0472341  -0.00150192   -0.0255724  0.000987671    -0.100271      -0.1655   -0.0315927     0.044095     0.104698   -0.0116342
  -0.0375358  -0.00413004    0.0147989   0.00167068   -0.0048365   0.00511935   -0.0207007   -0.0464057   -0.0232213    0.0271258   -0.0116342    0.0961035
[15:02:31] [/home/george/au/chemistry/src/optimization/stop_strategies/HistoryStrategyWrapper.h:19] Delta strategy iteration:
	iteration: 3
	value: -78.0009
	point:  -0.308449   0.133096  -0.446744   0.198232   0.440803 -0.0203065   -0.33879  -0.307636  -0.103982  -0.234722   0.421409   0.180298
	grad:  0.0684626 -0.0492633   0.172079 -0.0710182  -0.166003 0.00929531  0.0949879  0.0308801  0.0175421   0.099467 -0.0993441 -0.0513087
	delta:  -0.0684626   0.0492633   -0.172079   0.0710182    0.166003 -0.00929531  -0.0949879  -0.0308801  -0.0175421   -0.099467   0.0993441   0.0513087

[15:02:31] [/home/george/au/chemistry/src/optimization/stop_strategies/AtomicStopStrategy.h:72] too large delta single value: 0.0684626 > 0.0018 [          0           0           0  -0.0684626           0           0   0.0492633   -0.172079           0   0.0710182    0.166003 -0.00929531  -0.0949879  -0.0308801  -0.0175421   -0.099467   0.0993441   0.0513087]
[15:02:33] [/home/george/au/chemistry/src/optimization/delta_strategies/QuasiNewtonDeltaStrategy.h:67] B in quasi:
  0.0516905 -0.00358912  0.00666863 -0.00935138  -0.0201404 -0.00452153  -0.0227248   0.0129144  0.00480647     0.01899    -0.11849  -0.0403907
-0.00358912   0.0947689   0.0168227   0.0252449   0.0349144  0.00174192  0.00148758  0.00629345 0.000959033   -0.022358   0.0135833  0.00167621
 0.00666863   0.0168227   0.0427481  -0.0480362   -0.114492 -0.00113594  -0.0346911  -0.0714278  -0.0171353   0.0355567  0.00435251  0.00223686
-0.00935138   0.0252449  -0.0480362   0.0925396   -0.015512 -0.00289508 -0.00945389  0.00725564  0.00631153  -0.0227717   0.0281014   0.0104621
 -0.0201404   0.0349144   -0.114492   -0.015512   0.0678504 -0.00170838   0.0244472   0.0425203   0.0148674  -0.0390476   0.0305932   0.0117251
-0.00452153  0.00174192 -0.00113594 -0.00289508 -0.00170838    0.064302 -0.00814187 -0.00913888   0.0195036 -0.00339686  0.00126516  0.00524745
 -0.0227248  0.00148758  -0.0346911 -0.00945389   0.0244472 -0.00814187    0.182908    0.166607   0.0338157  -0.0456448   -0.120999  -0.0272591
  0.0129144  0.00629345  -0.0714278  0.00725564   0.0425203 -0.00913888    0.166607    0.294105   0.0348766   0.0855409   -0.166232  -0.0486179
 0.00480647 0.000959033  -0.0171353  0.00631153   0.0148674   0.0195036   0.0338157   0.0348766    0.122967   0.0181945  -0.0296552  -0.0231464
    0.01899   -0.022358   0.0355567  -0.0227717  -0.0390476 -0.00339686  -0.0456448   0.0855409   0.0181945   0.0298457  0.00398602   0.0158505
   -0.11849   0.0135833  0.00435251   0.0281014   0.0305932  0.00126516   -0.120999   -0.166232  -0.0296552  0.00398602    0.140581 0.000296604
 -0.0403907  0.00167621  0.00223686   0.0104621   0.0117251  0.00524745  -0.0272591  -0.0486179  -0.0231464   0.0158505 0.000296604   0.0999467
[15:02:33] [/home/george/au/chemistry/src/optimization/stop_strategies/HistoryStrategyWrapper.h:19] Delta strategy iteration:
	iteration: 4
	value: -78.0932
	point:  -0.376912   0.182359  -0.618823    0.26925   0.606806 -0.0296018  -0.433777  -0.338517  -0.121524  -0.334189   0.520753   0.231606
	grad:   0.0455769  -0.0363644      0.1455  -0.0506876   -0.129396   0.0102455   0.0740581 -0.00278072   0.0105543   0.0824948  -0.0535176  -0.0381275
	delta:   0.730258  0.0457399   -0.73052   0.435683    1.19156 -0.0351854   0.066919  -0.270453  -0.243409   0.397304   0.342914   0.274926

[15:02:33] [/home/george/au/chemistry/src/optimization/stop_strategies/AtomicStopStrategy.h:72] too large delta single value: 0.730258 > 0.0018 [         0          0          0   0.730258          0          0  0.0457399   -0.73052          0   0.435683    1.19156 -0.0351854   0.066919  -0.270453  -0.243409   0.397304   0.342914   0.274926]
