[13:44:40] [/home/george/au/chemistry/src/main.cpp:471] nDims = 18
[13:44:46] [/home/george/au/chemistry/src/optimization/delta_strategies/QuasiNewtonDeltaStrategy.h:64] B in quasi:
    0.154241   0.00898428   -0.0148806   0.00897713    0.0175993  -0.00869264    -0.146516    0.0441588    0.0176967    -0.117987   -0.0823091   -0.0152801
  0.00898428    0.0795989    0.0601601   0.00403794   -0.0109411   0.00285355  -0.00020225  -0.00179577  -0.00180769  -0.00773398 -0.000849657  -0.00346764
  -0.0148806    0.0601601   -0.0916356    0.0105549    0.0199042  -0.00586044  8.33432e-05   0.00115393   0.00179204 -0.000769387   0.00587926   0.00582638
  0.00897713   0.00403794    0.0105549    0.0625447   -0.0790402  -0.00159649  -0.00594765   0.00307841   0.00397254  -1.8495e-06   0.00170952   0.00143733
   0.0175993   -0.0109411    0.0199042   -0.0790402   -0.0716912   0.00187034   0.00460989   0.00334181   0.00342679  -0.00152873  0.000693638  0.000754105
 -0.00869264   0.00285355  -0.00586044  -0.00159649   0.00187034    0.0641239  -0.00172741  -0.00614939    0.0200888  0.000560535  -0.00132999   0.00420694
   -0.146516  -0.00020225  8.33432e-05  -0.00594765   0.00460989  -0.00172741     0.127404   -0.0510019   -0.0169613   0.00751838    0.0231115   0.00670077
   0.0441588  -0.00179577   0.00115393   0.00307841   0.00334181  -0.00614939   -0.0510019     0.108481  -0.00259668   -0.0194699   0.00183443   0.00956766
   0.0176967  -0.00180769   0.00179204   0.00397254   0.00342679    0.0200888   -0.0169613  -0.00259668     0.115591  -0.00839657   0.00493048   -0.0106337
   -0.117987  -0.00773398 -0.000769387  -1.8495e-06  -0.00152873  0.000560535   0.00751838   -0.0194699  -0.00839657     0.115264    0.0684021    0.0232767
  -0.0823091 -0.000849657   0.00587926   0.00170952  0.000693638  -0.00132999    0.0231115   0.00183443   0.00493048    0.0684021   -0.0225459   -0.0510641
  -0.0152801  -0.00346764   0.00582638   0.00143733  0.000754105   0.00420694   0.00670077   0.00956766   -0.0106337    0.0232767   -0.0510641    0.0850783
[13:44:46] [/home/george/au/chemistry/src/optimization/stop_strategies/HistoryStrategyWrapper.h:19] Delta strategy iteration:
	iteration: 0
	value: -77.6537
	point: 0 0 0 0 0 0 0 0 0 0 0 0
	grad:   0.119594 -0.0387632   0.130393 -0.0590857  -0.128948 0.00520173   0.105956   0.125978  0.0410166   0.058361  -0.147057 -0.0595913
	delta:   2.12181 -0.098084  0.550862 -0.245926 -0.859477  0.359827   1.58855 -0.617844 -0.305087    2.7854   -1.9618 -0.999538

[13:44:46] [/home/george/au/chemistry/src/optimization/stop_strategies/AtomicStopStrategy.h:72] too large delta single value: 2.12181 > 0.0018 [        0         0         0   2.12181         0         0 -0.098084  0.550862         0 -0.245926 -0.859477  0.359827   1.58855 -0.617844 -0.305087    2.7854   -1.9618 -0.999538]
[13:44:49] [/home/george/au/chemistry/src/optimization/delta_strategies/QuasiNewtonDeltaStrategy.h:64] B in quasi:
     1.90449    0.0254287   -0.0487025    0.0459588    0.0755482  -0.00766645      -2.0864     -2.83627    0.0633999    -0.163611    0.0284681    0.0296534
   0.0254287    0.0812875    0.0547383   0.00675517  -0.00528468   0.00266582   -0.0276019   -0.0412743  -0.00283577   -0.0105272   0.00613847 -0.000635346
  -0.0487025    0.0547383   -0.0740007   0.00195601    0.0017769  -0.00522361    0.0680902    0.0981221   0.00575794   0.00797932   -0.0160482   -0.0030604
   0.0459588   0.00675517   0.00195601    0.0669866   -0.0699194  -0.00187969   -0.0611064   -0.0769613   0.00268686  -0.00461843    0.0132369   0.00610962
   0.0755482  -0.00528468    0.0017769   -0.0699194   -0.0527389   0.00124665   -0.0901849    -0.133396  8.34493e-05   -0.0109184    0.0241785    0.0102726
 -0.00766645   0.00266582  -0.00522361  -0.00187969   0.00124665    0.0641499  -0.00168456   -0.0062409    0.0203031  0.000838003  -0.00203019   0.00392321
     -2.0864   -0.0276019    0.0680902   -0.0611064   -0.0901849  -0.00168456      2.33231      3.21574   -0.0589009    0.0722242     -0.13523   -0.0575126
    -2.83627   -0.0412743    0.0981221   -0.0769613    -0.133396   -0.0062409      3.21574      4.94934   -0.0660162    0.0747499    -0.228605   -0.0838851
   0.0633999  -0.00283577   0.00575794   0.00268686  8.34493e-05    0.0203031   -0.0589009   -0.0660162     0.118169  -0.00734145   0.00217299     -0.01175
   -0.163611   -0.0105272   0.00797932  -0.00461843   -0.0109184  0.000838003    0.0722242    0.0747499  -0.00734145     0.120098    0.0563478    0.0183907
   0.0284681   0.00613847   -0.0160482    0.0132369    0.0241785  -0.00203019     -0.13523    -0.228605   0.00217299    0.0563478   0.00752098    -0.038877
   0.0296534 -0.000635346   -0.0030604   0.00610962    0.0102726   0.00392321   -0.0575126   -0.0838851     -0.01175    0.0183907    -0.038877    0.0900181
[13:44:49] [/home/george/au/chemistry/src/optimization/stop_strategies/HistoryStrategyWrapper.h:19] Delta strategy iteration:
	iteration: 1
	value: -76.7359
	point:   2.12181 -0.098084  0.550862 -0.245926 -0.859477  0.359827   1.58855 -0.617844 -0.305087    2.7854   -1.9618 -0.999538
	grad:     1.92973  -0.0169989   0.0795861  -0.0134902  -0.0531647  0.00565099    -1.92874     -2.8915   0.0837639  0.00384417  -0.0140477 -0.00564682
	delta: -96.3427  5.42214 -28.2976  11.3488   41.177  -18.492 -85.5946  9.79289   13.294 -126.754  87.9137   46.251

[13:44:49] [/home/george/au/chemistry/src/optimization/stop_strategies/AtomicStopStrategy.h:72] too large delta single value: 96.3427 > 0.0018 [       0        0        0 -96.3427        0        0  5.42214 -28.2976        0  11.3488   41.177  -18.492 -85.5946  9.79289   13.294 -126.754  87.9137   46.251]
