[15:25:21] [/home/george/au/chemistry/src/main.cpp:472] nDims = 18
[15:25:24] [/home/george/au/chemistry/src/optimization/delta_strategies/HessianDeltaStrategy.h:12] hessian:
    0.154241   0.00898428   -0.0148806   0.00897713    0.0175993  -0.00869264    -0.146516    0.0441588    0.0176967    -0.117987   -0.0823091   -0.0152801
  0.00898428    0.0795989    0.0601601   0.00403794   -0.0109411   0.00285355  -0.00020225  -0.00179577  -0.00180769  -0.00773398 -0.000849657  -0.00346764
  -0.0148806    0.0601601   -0.0916356    0.0105549    0.0199042  -0.00586044  8.33432e-05   0.00115393   0.00179204 -0.000769387   0.00587926   0.00582638
  0.00897713   0.00403794    0.0105549    0.0625447   -0.0790402  -0.00159649  -0.00594765   0.00307841   0.00397254  -1.8495e-06   0.00170952   0.00143733
   0.0175993   -0.0109411    0.0199042   -0.0790402   -0.0716912   0.00187034   0.00460989   0.00334181   0.00342679  -0.00152873  0.000693638  0.000754105
 -0.00869264   0.00285355  -0.00586044  -0.00159649   0.00187034    0.0641239  -0.00172741  -0.00614939    0.0200888  0.000560535  -0.00132999   0.00420694
   -0.146516  -0.00020225  8.33432e-05  -0.00594765   0.00460989  -0.00172741     0.127404   -0.0510019   -0.0169613   0.00751838    0.0231115   0.00670077
   0.0441588  -0.00179577   0.00115393   0.00307841   0.00334181  -0.00614939   -0.0510019     0.108481  -0.00259668   -0.0194699   0.00183443   0.00956766
   0.0176967  -0.00180769   0.00179204   0.00397254   0.00342679    0.0200888   -0.0169613  -0.00259668     0.115591  -0.00839657   0.00493048   -0.0106337
   -0.117987  -0.00773398 -0.000769387  -1.8495e-06  -0.00152873  0.000560535   0.00751838   -0.0194699  -0.00839657     0.115264    0.0684021    0.0232767
  -0.0823091 -0.000849657   0.00587926   0.00170952  0.000693638  -0.00132999    0.0231115   0.00183443   0.00493048    0.0684021   -0.0225459   -0.0510641
  -0.0152801  -0.00346764   0.00582638   0.00143733  0.000754105   0.00420694   0.00670077   0.00956766   -0.0106337    0.0232767   -0.0510641    0.0850783
[15:25:24] [/home/george/au/chemistry/src/optimization/stop_strategies/HistoryStrategyWrapper.h:28] Delta strategy iteration:
	iteration: 0
	value: -77.6537
	point: 0 0 0 0 0 0 0 0 0 0 0 0
	grad:   0.119594 -0.0387632   0.130393 -0.0590857  -0.128948 0.00520173   0.105956   0.125978  0.0410166   0.058361  -0.147057 -0.0595913
	delta:   -0.119594   0.0387632   -0.130393   0.0590857    0.128948 -0.00520173   -0.105956   -0.125978  -0.0410166   -0.058361    0.147057   0.0595913

[15:25:24] [/home/george/au/chemistry/src/optimization/stop_strategies/HistoryStrategyWrapper.h:29] hess:
    0.154241   0.00898428   -0.0148806   0.00897713    0.0175993  -0.00869264    -0.146516    0.0441588    0.0176967    -0.117987   -0.0823091   -0.0152801
  0.00898428    0.0795989    0.0601601   0.00403794   -0.0109411   0.00285355  -0.00020225  -0.00179577  -0.00180769  -0.00773398 -0.000849657  -0.00346764
  -0.0148806    0.0601601   -0.0916356    0.0105549    0.0199042  -0.00586044  8.33432e-05   0.00115393   0.00179204 -0.000769387   0.00587926   0.00582638
  0.00897713   0.00403794    0.0105549    0.0625447   -0.0790402  -0.00159649  -0.00594765   0.00307841   0.00397254  -1.8495e-06   0.00170952   0.00143733
   0.0175993   -0.0109411    0.0199042   -0.0790402   -0.0716912   0.00187034   0.00460989   0.00334181   0.00342679  -0.00152873  0.000693638  0.000754105
 -0.00869264   0.00285355  -0.00586044  -0.00159649   0.00187034    0.0641239  -0.00172741  -0.00614939    0.0200888  0.000560535  -0.00132999   0.00420694
   -0.146516  -0.00020225  8.33432e-05  -0.00594765   0.00460989  -0.00172741     0.127404   -0.0510019   -0.0169613   0.00751838    0.0231115   0.00670077
   0.0441588  -0.00179577   0.00115393   0.00307841   0.00334181  -0.00614939   -0.0510019     0.108481  -0.00259668   -0.0194699   0.00183443   0.00956766
   0.0176967  -0.00180769   0.00179204   0.00397254   0.00342679    0.0200888   -0.0169613  -0.00259668     0.115591  -0.00839657   0.00493048   -0.0106337
   -0.117987  -0.00773398 -0.000769387  -1.8495e-06  -0.00152873  0.000560535   0.00751838   -0.0194699  -0.00839657     0.115264    0.0684021    0.0232767
  -0.0823091 -0.000849657   0.00587926   0.00170952  0.000693638  -0.00132999    0.0231115   0.00183443   0.00493048    0.0684021   -0.0225459   -0.0510641
  -0.0152801  -0.00346764   0.00582638   0.00143733  0.000754105   0.00420694   0.00670077   0.00956766   -0.0106337    0.0232767   -0.0510641    0.0850783

[15:25:24] [/home/george/au/chemistry/src/optimization/stop_strategies/AtomicStopStrategy.h:72] too large delta single value: 0.119594 > 0.0018 [          0           0           0   -0.119594           0           0   0.0387632   -0.130393           0   0.0590857    0.128948 -0.00520173   -0.105956   -0.125978  -0.0410166   -0.058361    0.147057   0.0595913]
[15:25:27] [/home/george/au/chemistry/src/optimization/delta_strategies/HessianDeltaStrategy.h:12] hessian:
     0.32876   0.00268345   -0.0111815   0.00187341    0.0169681  -0.00695807    -0.195064   0.00087622   0.00202002    -0.128752   -0.0993582   -0.0222935
  0.00268345     0.105592    0.0637256   0.00537193   -0.0128874   0.00180024 -0.000491839  -0.00190648 -0.000829211  -0.00863416  -0.00117689  -0.00301578
  -0.0111815    0.0637256   -0.0779685    0.0125962    0.0179542  -0.00412024  0.000992027   0.00179381  0.000660211 -0.000853837   0.00599921   0.00500787
  0.00187341   0.00537193    0.0125962    0.0893158   -0.0833235 -6.53577e-05  -0.00639713   0.00317088   0.00371737 -0.000434014   0.00164796  0.000615956
   0.0169681   -0.0128874    0.0179542   -0.0833235   -0.0559518   0.00353626   0.00436481   0.00342121   0.00320351  -0.00164408   0.00190512  0.000349329
 -0.00695807   0.00180024  -0.00412024 -6.53577e-05   0.00353626     0.091515  -0.00117623  -0.00575842    0.0194849  0.000104718  0.000860337 -0.000831099
   -0.195064 -0.000491839  0.000992027  -0.00639713   0.00436481  -0.00117623     0.179145  -0.00186185  -0.00557129     0.010364    0.0268558   0.00703086
  0.00087622  -0.00190648   0.00179381   0.00317088   0.00342121  -0.00575842  -0.00186185     0.205554    0.0165122    -0.024139   -0.0172431  0.000826478
  0.00202002 -0.000829211  0.000660211   0.00371737   0.00320351    0.0194849  -0.00557129    0.0165122     0.139425   -0.0080522  -0.00354695  -0.00339019
   -0.128752  -0.00863416 -0.000853837 -0.000434014  -0.00164408  0.000104718     0.010364    -0.024139   -0.0080522     0.130019    0.0773817    0.0279739
  -0.0993582  -0.00117689   0.00599921   0.00164796   0.00190512  0.000860337    0.0268558   -0.0172431  -0.00354695    0.0773817    0.0411693   -0.0398897
  -0.0222935  -0.00301578   0.00500787  0.000615956  0.000349329 -0.000831099   0.00703086  0.000826478  -0.00339019    0.0279739   -0.0398897      0.11234
[15:25:27] [/home/george/au/chemistry/src/optimization/stop_strategies/HistoryStrategyWrapper.h:28] Delta strategy iteration:
	iteration: 1
	value: -77.7663
	point:   -0.119594   0.0387632   -0.130393   0.0590857    0.128948 -0.00520173   -0.105956   -0.125978  -0.0410166   -0.058361    0.147057   0.0595913
	grad:   0.103351 -0.0448764   0.149745 -0.0667834  -0.147968 0.00687476   0.118008   0.107277  0.0355456  0.0800726  -0.144498 -0.0615434
	delta:   -0.103351   0.0448764   -0.149745   0.0667834    0.147968 -0.00687476   -0.118008   -0.107277  -0.0355456  -0.0800726    0.144498   0.0615434

[15:25:27] [/home/george/au/chemistry/src/optimization/stop_strategies/HistoryStrategyWrapper.h:29] hess:
     0.32876   0.00268345   -0.0111815   0.00187341    0.0169681  -0.00695807    -0.195064   0.00087622   0.00202002    -0.128752   -0.0993582   -0.0222935
  0.00268345     0.105592    0.0637256   0.00537193   -0.0128874   0.00180024 -0.000491839  -0.00190648 -0.000829211  -0.00863416  -0.00117689  -0.00301578
  -0.0111815    0.0637256   -0.0779685    0.0125962    0.0179542  -0.00412024  0.000992027   0.00179381  0.000660211 -0.000853837   0.00599921   0.00500787
  0.00187341   0.00537193    0.0125962    0.0893158   -0.0833235 -6.53577e-05  -0.00639713   0.00317088   0.00371737 -0.000434014   0.00164796  0.000615956
   0.0169681   -0.0128874    0.0179542   -0.0833235   -0.0559518   0.00353626   0.00436481   0.00342121   0.00320351  -0.00164408   0.00190512  0.000349329
 -0.00695807   0.00180024  -0.00412024 -6.53577e-05   0.00353626     0.091515  -0.00117623  -0.00575842    0.0194849  0.000104718  0.000860337 -0.000831099
   -0.195064 -0.000491839  0.000992027  -0.00639713   0.00436481  -0.00117623     0.179145  -0.00186185  -0.00557129     0.010364    0.0268558   0.00703086
  0.00087622  -0.00190648   0.00179381   0.00317088   0.00342121  -0.00575842  -0.00186185     0.205554    0.0165122    -0.024139   -0.0172431  0.000826478
  0.00202002 -0.000829211  0.000660211   0.00371737   0.00320351    0.0194849  -0.00557129    0.0165122     0.139425   -0.0080522  -0.00354695  -0.00339019
   -0.128752  -0.00863416 -0.000853837 -0.000434014  -0.00164408  0.000104718     0.010364    -0.024139   -0.0080522     0.130019    0.0773817    0.0279739
  -0.0993582  -0.00117689   0.00599921   0.00164796   0.00190512  0.000860337    0.0268558   -0.0172431  -0.00354695    0.0773817    0.0411693   -0.0398897
  -0.0222935  -0.00301578   0.00500787  0.000615956  0.000349329 -0.000831099   0.00703086  0.000826478  -0.00339019    0.0279739   -0.0398897      0.11234

[15:25:27] [/home/george/au/chemistry/src/optimization/stop_strategies/AtomicStopStrategy.h:72] too large delta single value: 0.103351 > 0.0018 [          0           0           0   -0.103351           0           0   0.0448764   -0.149745           0   0.0667834    0.147968 -0.00687476   -0.118008   -0.107277  -0.0355456  -0.0800726    0.144498   0.0615434]
[15:25:30] [/home/george/au/chemistry/src/optimization/delta_strategies/HessianDeltaStrategy.h:12] hessian:
    0.667431  -0.00815274  -0.00435075   -0.0096397    0.0133938  -0.00659959    -0.292615   -0.0943917   -0.0241835    -0.150769   -0.0931811   -0.0189217
 -0.00815274      0.14327    0.0594486   0.00777296   -0.0157072  0.000919299 -0.000294362  -0.00203981 -0.000239784   -0.0100424  -0.00102585   -0.0027702
 -0.00435075    0.0594486   -0.0393736    0.0153745    0.0123376  -0.00343403   0.00141713   0.00241218  8.49833e-05 -0.000908963   0.00577982   0.00450178
  -0.0096397   0.00777296    0.0153745      0.13009   -0.0764657   0.00102998  -0.00726846   0.00306138   0.00357549 -0.000200993   0.00160011  1.17587e-05
   0.0133938   -0.0157072    0.0123376   -0.0764657   -0.0125924   0.00485768   0.00395903   0.00336138   0.00284075  -0.00151027   0.00296333   0.00012754
 -0.00659959  0.000919299  -0.00343403   0.00102998   0.00485768     0.120988  -0.00102135  -0.00632137    0.0222775 -0.000439108   0.00279156  -0.00562142
   -0.292615 -0.000294362   0.00141713  -0.00726846   0.00395903  -0.00102135     0.280206     0.100225    0.0175868    0.0153982    0.0308006   0.00715981
  -0.0943917  -0.00203981   0.00241218   0.00306138   0.00336138  -0.00632137     0.100225     0.340117    0.0472301   -0.0292454   -0.0444122  -0.00906926
  -0.0241835 -0.000239784  8.49833e-05   0.00357549   0.00284075    0.0222775    0.0175868    0.0472301     0.150549  -0.00792993   -0.0133315   0.00331488
   -0.150769   -0.0100424 -0.000908963 -0.000200993  -0.00151027 -0.000439108    0.0153982   -0.0292454  -0.00792993     0.156589    0.0639729    0.0245966
  -0.0931811  -0.00102585   0.00577982   0.00160011   0.00296333   0.00279156    0.0308006   -0.0444122   -0.0133315    0.0639729     0.139128   -0.0161956
  -0.0189217   -0.0027702   0.00450178  1.17587e-05   0.00012754  -0.00562142   0.00715981  -0.00906926   0.00331488    0.0245966   -0.0161956     0.138833
[15:25:30] [/home/george/au/chemistry/src/optimization/stop_strategies/HistoryStrategyWrapper.h:28] Delta strategy iteration:
	iteration: 2
	value: -77.8858
	point:  -0.222945  0.0836397  -0.280138   0.125869   0.276916 -0.0120765  -0.223964  -0.233255 -0.0765622  -0.138434   0.291555   0.121135
	grad:  0.0855039 -0.0494559   0.166606 -0.0723627  -0.163887 0.00822996   0.114825  0.0743812  0.0274198  0.0962881  -0.129854 -0.0591629
	delta:  -0.0855039   0.0494559   -0.166606   0.0723627    0.163887 -0.00822996   -0.114825  -0.0743812  -0.0274198  -0.0962881    0.129854   0.0591629

[15:25:30] [/home/george/au/chemistry/src/optimization/stop_strategies/HistoryStrategyWrapper.h:29] hess:
    0.667431  -0.00815274  -0.00435075   -0.0096397    0.0133938  -0.00659959    -0.292615   -0.0943917   -0.0241835    -0.150769   -0.0931811   -0.0189217
 -0.00815274      0.14327    0.0594486   0.00777296   -0.0157072  0.000919299 -0.000294362  -0.00203981 -0.000239784   -0.0100424  -0.00102585   -0.0027702
 -0.00435075    0.0594486   -0.0393736    0.0153745    0.0123376  -0.00343403   0.00141713   0.00241218  8.49833e-05 -0.000908963   0.00577982   0.00450178
  -0.0096397   0.00777296    0.0153745      0.13009   -0.0764657   0.00102998  -0.00726846   0.00306138   0.00357549 -0.000200993   0.00160011  1.17587e-05
   0.0133938   -0.0157072    0.0123376   -0.0764657   -0.0125924   0.00485768   0.00395903   0.00336138   0.00284075  -0.00151027   0.00296333   0.00012754
 -0.00659959  0.000919299  -0.00343403   0.00102998   0.00485768     0.120988  -0.00102135  -0.00632137    0.0222775 -0.000439108   0.00279156  -0.00562142
   -0.292615 -0.000294362   0.00141713  -0.00726846   0.00395903  -0.00102135     0.280206     0.100225    0.0175868    0.0153982    0.0308006   0.00715981
  -0.0943917  -0.00203981   0.00241218   0.00306138   0.00336138  -0.00632137     0.100225     0.340117    0.0472301   -0.0292454   -0.0444122  -0.00906926
  -0.0241835 -0.000239784  8.49833e-05   0.00357549   0.00284075    0.0222775    0.0175868    0.0472301     0.150549  -0.00792993   -0.0133315   0.00331488
   -0.150769   -0.0100424 -0.000908963 -0.000200993  -0.00151027 -0.000439108    0.0153982   -0.0292454  -0.00792993     0.156589    0.0639729    0.0245966
  -0.0931811  -0.00102585   0.00577982   0.00160011   0.00296333   0.00279156    0.0308006   -0.0444122   -0.0133315    0.0639729     0.139128   -0.0161956
  -0.0189217   -0.0027702   0.00450178  1.17587e-05   0.00012754  -0.00562142   0.00715981  -0.00906926   0.00331488    0.0245966   -0.0161956     0.138833

[15:25:30] [/home/george/au/chemistry/src/optimization/stop_strategies/AtomicStopStrategy.h:72] too large delta single value: 0.0855039 > 0.0018 [          0           0           0  -0.0855039           0           0   0.0494559   -0.166606           0   0.0723627    0.163887 -0.00822996   -0.114825  -0.0743812  -0.0274198  -0.0962881    0.129854   0.0591629]
[15:25:33] [/home/george/au/chemistry/src/optimization/delta_strategies/HessianDeltaStrategy.h:12] hessian:
     1.20088   -0.0243282   0.00336567   -0.0257385   0.00848347  -0.00707494    -0.430762    -0.230742   -0.0573473     -0.20388   -0.0350388   0.00301231
  -0.0243282     0.197892    0.0334236    0.0117682   -0.0205464 -7.52907e-05  0.000402828  -0.00244026  9.48265e-05   -0.0120569 -0.000819764  -0.00259476
  0.00336567    0.0334236    0.0557046     0.020251   0.00235795  -0.00319534   0.00144712   0.00298971 -0.000243404  -0.00103847   0.00541949   0.00395455
  -0.0257385    0.0117682     0.020251     0.194099   -0.0368117   0.00223023  -0.00867706   0.00302522   0.00343381  0.000635901   0.00184644 -0.000366436
  0.00848347   -0.0205464   0.00235795   -0.0368117    0.0968751   0.00639674   0.00370744   0.00323088   0.00226946  -0.00126533   0.00374548  9.30059e-05
 -0.00707494 -7.52907e-05  -0.00319534   0.00223023   0.00639674     0.148988  -0.00100633  -0.00749673      0.02761  -0.00110654   0.00481031   -0.0116739
   -0.430762  0.000402828   0.00144712  -0.00867706   0.00370744  -0.00100633     0.420348     0.246362    0.0486133    0.0223644    0.0350565   0.00705801
   -0.230742  -0.00244026   0.00298971   0.00302522   0.00323088  -0.00749673     0.246362      0.49717    0.0845869   -0.0372583   -0.0750504    -0.018611
  -0.0573473  9.48265e-05 -0.000243404   0.00343381   0.00226946      0.02761    0.0486133    0.0845869     0.144153  -0.00842431   -0.0231086    0.0110827
    -0.20388   -0.0120569  -0.00103847  0.000635901  -0.00126533  -0.00110654    0.0223644   -0.0372583  -0.00842431      0.21366  0.000894185   0.00475618
  -0.0350388 -0.000819764   0.00541949   0.00184644   0.00374548   0.00481031    0.0350565   -0.0750504   -0.0231086  0.000894185     0.294031    0.0278264
  0.00301231  -0.00259476   0.00395455 -0.000366436  9.30059e-05   -0.0116739   0.00705801    -0.018611    0.0110827   0.00475618    0.0278264     0.160564
[15:25:33] [/home/george/au/chemistry/src/optimization/stop_strategies/HistoryStrategyWrapper.h:28] Delta strategy iteration:
	iteration: 3
	value: -78.0009
	point:  -0.308449   0.133096  -0.446744   0.198232   0.440803 -0.0203065   -0.33879  -0.307636  -0.103982  -0.234722   0.421409   0.180298
	grad:  0.0684626 -0.0492633   0.172079 -0.0710182  -0.166003 0.00929531  0.0949879  0.0308801  0.0175421   0.099467 -0.0993441 -0.0513087
	delta:  -0.0684626   0.0492633   -0.172079   0.0710182    0.166003 -0.00929531  -0.0949879  -0.0308801  -0.0175421   -0.099467   0.0993441   0.0513087

[15:25:33] [/home/george/au/chemistry/src/optimization/stop_strategies/HistoryStrategyWrapper.h:29] hess:
     1.20088   -0.0243282   0.00336567   -0.0257385   0.00848347  -0.00707494    -0.430762    -0.230742   -0.0573473     -0.20388   -0.0350388   0.00301231
  -0.0243282     0.197892    0.0334236    0.0117682   -0.0205464 -7.52907e-05  0.000402828  -0.00244026  9.48265e-05   -0.0120569 -0.000819764  -0.00259476
  0.00336567    0.0334236    0.0557046     0.020251   0.00235795  -0.00319534   0.00144712   0.00298971 -0.000243404  -0.00103847   0.00541949   0.00395455
  -0.0257385    0.0117682     0.020251     0.194099   -0.0368117   0.00223023  -0.00867706   0.00302522   0.00343381  0.000635901   0.00184644 -0.000366436
  0.00848347   -0.0205464   0.00235795   -0.0368117    0.0968751   0.00639674   0.00370744   0.00323088   0.00226946  -0.00126533   0.00374548  9.30059e-05
 -0.00707494 -7.52907e-05  -0.00319534   0.00223023   0.00639674     0.148988  -0.00100633  -0.00749673      0.02761  -0.00110654   0.00481031   -0.0116739
   -0.430762  0.000402828   0.00144712  -0.00867706   0.00370744  -0.00100633     0.420348     0.246362    0.0486133    0.0223644    0.0350565   0.00705801
   -0.230742  -0.00244026   0.00298971   0.00302522   0.00323088  -0.00749673     0.246362      0.49717    0.0845869   -0.0372583   -0.0750504    -0.018611
  -0.0573473  9.48265e-05 -0.000243404   0.00343381   0.00226946      0.02761    0.0486133    0.0845869     0.144153  -0.00842431   -0.0231086    0.0110827
    -0.20388   -0.0120569  -0.00103847  0.000635901  -0.00126533  -0.00110654    0.0223644   -0.0372583  -0.00842431      0.21366  0.000894185   0.00475618
  -0.0350388 -0.000819764   0.00541949   0.00184644   0.00374548   0.00481031    0.0350565   -0.0750504   -0.0231086  0.000894185     0.294031    0.0278264
  0.00301231  -0.00259476   0.00395455 -0.000366436  9.30059e-05   -0.0116739   0.00705801    -0.018611    0.0110827   0.00475618    0.0278264     0.160564

[15:25:33] [/home/george/au/chemistry/src/optimization/stop_strategies/AtomicStopStrategy.h:72] too large delta single value: 0.0684626 > 0.0018 [          0           0           0  -0.0684626           0           0   0.0492633   -0.172079           0   0.0710182    0.166003 -0.00929531  -0.0949879  -0.0308801  -0.0175421   -0.099467   0.0993441   0.0513087]
[15:25:35] [/home/george/au/chemistry/src/optimization/delta_strategies/HessianDeltaStrategy.h:12] hessian:
      1.8348   -0.0453261   0.00817333   -0.0455933    0.0057989  -0.00791022    -0.532501    -0.330882   -0.0781592    -0.301841     0.102749    0.0480202
  -0.0453261     0.277878   -0.0627649    0.0190329    -0.029183  -0.00139452   0.00164228  -0.00309489  0.000264233   -0.0144336 -0.000895132  -0.00247731
  0.00817333   -0.0627649     0.303133    0.0288483   -0.0128744  -0.00314801    0.0012617   0.00325258 -0.000398727  -0.00171213   0.00495518   0.00324596
  -0.0455933    0.0190329    0.0288483     0.299793     0.105625   0.00545288   -0.0104506   0.00308972   0.00316753   0.00208421   0.00226339 -0.000529861
   0.0057989    -0.029183   -0.0128744     0.105625     0.383865    0.0114993   0.00411207    0.0030528   0.00142062  -0.00112714   0.00399134  0.000233836
 -0.00791022  -0.00139452  -0.00314801   0.00545288    0.0114993      0.15364  -0.00106648  -0.00897357    0.0346425  -0.00187911   0.00692066   -0.0195548
   -0.532501   0.00164228    0.0012617   -0.0104506   0.00411207  -0.00106648     0.523481      0.36032     0.069098    0.0289696    0.0380083   0.00652729
   -0.330882  -0.00309489   0.00325258   0.00308972    0.0030528  -0.00897357      0.36032     0.618426     0.109316   -0.0488131   -0.0982006   -0.0240184
  -0.0781592  0.000264233 -0.000398727   0.00316753   0.00142062    0.0346425     0.069098     0.109316      0.13156  -0.00967551   -0.0290331     0.018449
   -0.301841   -0.0144336  -0.00171213   0.00208421  -0.00112714  -0.00187911    0.0289696   -0.0488131  -0.00967551     0.315803    -0.137659   -0.0368864
    0.102749 -0.000895132   0.00495518   0.00226339   0.00399134   0.00692066    0.0380083   -0.0982006   -0.0290331    -0.137659     0.512911    0.0936088
   0.0480202  -0.00247731   0.00324596 -0.000529861  0.000233836   -0.0195548   0.00652729   -0.0240184     0.018449   -0.0368864    0.0936088     0.167557
[15:25:35] [/home/george/au/chemistry/src/optimization/stop_strategies/HistoryStrategyWrapper.h:28] Delta strategy iteration:
	iteration: 4
	value: -78.0932
	point:  -0.376912   0.182359  -0.618823    0.26925   0.606806 -0.0296018  -0.433777  -0.338517  -0.121524  -0.334189   0.520753   0.231606
	grad:   0.0455769  -0.0363644      0.1455  -0.0506876   -0.129396   0.0102455   0.0740581 -0.00278072   0.0105543   0.0824948  -0.0535176  -0.0381275
	delta:  -0.179233  0.0131879   -0.47168  0.0654726   0.310236 -0.0493707  -0.411619   0.168952  -0.144176  -0.317134  0.0705382   0.229166

[15:25:35] [/home/george/au/chemistry/src/optimization/stop_strategies/HistoryStrategyWrapper.h:29] hess:
      1.8348   -0.0453261   0.00817333   -0.0455933    0.0057989  -0.00791022    -0.532501    -0.330882   -0.0781592    -0.301841     0.102749    0.0480202
  -0.0453261     0.277878   -0.0627649    0.0190329    -0.029183  -0.00139452   0.00164228  -0.00309489  0.000264233   -0.0144336 -0.000895132  -0.00247731
  0.00817333   -0.0627649     0.303133    0.0288483   -0.0128744  -0.00314801    0.0012617   0.00325258 -0.000398727  -0.00171213   0.00495518   0.00324596
  -0.0455933    0.0190329    0.0288483     0.299793     0.105625   0.00545288   -0.0104506   0.00308972   0.00316753   0.00208421   0.00226339 -0.000529861
   0.0057989    -0.029183   -0.0128744     0.105625     0.383865    0.0114993   0.00411207    0.0030528   0.00142062  -0.00112714   0.00399134  0.000233836
 -0.00791022  -0.00139452  -0.00314801   0.00545288    0.0114993      0.15364  -0.00106648  -0.00897357    0.0346425  -0.00187911   0.00692066   -0.0195548
   -0.532501   0.00164228    0.0012617   -0.0104506   0.00411207  -0.00106648     0.523481      0.36032     0.069098    0.0289696    0.0380083   0.00652729
   -0.330882  -0.00309489   0.00325258   0.00308972    0.0030528  -0.00897357      0.36032     0.618426     0.109316   -0.0488131   -0.0982006   -0.0240184
  -0.0781592  0.000264233 -0.000398727   0.00316753   0.00142062    0.0346425     0.069098     0.109316      0.13156  -0.00967551   -0.0290331     0.018449
   -0.301841   -0.0144336  -0.00171213   0.00208421  -0.00112714  -0.00187911    0.0289696   -0.0488131  -0.00967551     0.315803    -0.137659   -0.0368864
    0.102749 -0.000895132   0.00495518   0.00226339   0.00399134   0.00692066    0.0380083   -0.0982006   -0.0290331    -0.137659     0.512911    0.0936088
   0.0480202  -0.00247731   0.00324596 -0.000529861  0.000233836   -0.0195548   0.00652729   -0.0240184     0.018449   -0.0368864    0.0936088     0.167557

[15:25:35] [/home/george/au/chemistry/src/optimization/stop_strategies/AtomicStopStrategy.h:72] too large delta single value: 0.179233 > 0.0018 [         0          0          0  -0.179233          0          0  0.0131879   -0.47168          0  0.0654726   0.310236 -0.0493707  -0.411619   0.168952  -0.144176  -0.317134  0.0705382   0.229166]
[15:25:38] [/home/george/au/chemistry/src/optimization/delta_strategies/RepeatingDeltaStrategy.h:24] bad value change (from -78.0932 to -78.0855). Trying next delta (0.857076 delta norm)
[15:25:38] [/home/george/au/chemistry/src/optimization/stop_strategies/HistoryStrategyWrapper.h:28] Delta strategy iteration:
	iteration: 5
	value: -78.0855
	point:  -0.556145   0.195547    -1.0905   0.334723   0.917042 -0.0789725  -0.845396  -0.169564    -0.2657  -0.651322   0.591291   0.460772
	grad:    -0.128694     0.311828     -0.48155     0.133216     0.241172    0.0133896   0.00793371    0.0237573 -0.000611926    -0.048311    0.0603975   0.00128523
	delta:   0.0896166 -0.00659393     0.23584  -0.0327363   -0.155118   0.0246854    0.205809   -0.084476   0.0720881    0.158567  -0.0352691   -0.114583

[15:25:38] [/home/george/au/chemistry/src/optimization/stop_strategies/HistoryStrategyWrapper.h:29] hess:
     4.09427   -0.0671801   -0.0589093   -0.0715662    0.0342142   0.00435084    -0.435562    -0.344438  -0.00710495    -0.552822     0.666878    0.0563568
  -0.0671801      1.26942     -2.23971    0.0617593    -0.106355  -0.00426224   0.00966941   -0.0013709   0.00140755   -0.0189799  -0.00327188  -0.00179684
  -0.0589093     -2.23971      2.92093    0.0924667    -0.102193  -0.00213829    0.0026414   0.00524299  0.000971822  -0.00594443   0.00308825 -0.000910935
  -0.0715662    0.0617593    0.0924667       0.8272      1.25444    0.0990227   -0.0170655   0.00290586 -0.000876475   0.00871186   0.00118606   0.00112941
   0.0342142    -0.106355    -0.102193      1.25444      1.98473     0.157017   0.00421419   0.00457258  -0.00340575  -0.00157925   0.00587746   0.00328177
  0.00435084  -0.00426224  -0.00213829    0.0990227     0.157017    -0.137985   0.00202202  -0.00203494    0.0568106  -0.00133758   0.00339287   -0.0465202
   -0.435562   0.00966941    0.0026414   -0.0170655   0.00421419   0.00202202     0.477753     0.399298   0.00904503     0.035678    0.0504723   0.00149545
   -0.344438   -0.0013709   0.00524299   0.00290586   0.00457258  -0.00203494     0.399298     0.871366    0.0239996   -0.0595977   -0.0634414  -0.00154359
 -0.00710495   0.00140755  0.000971822 -0.000876475  -0.00340575    0.0568106   0.00904503    0.0239996     0.117192  -0.00375841  -0.00508408   0.00860204
   -0.552822   -0.0189799  -0.00594443   0.00871186  -0.00157925  -0.00133758     0.035678   -0.0595977  -0.00375841     0.603747    -0.696961   -0.0561804
    0.666878  -0.00327188   0.00308825   0.00118606   0.00587746   0.00339287    0.0504723   -0.0634414  -0.00508408    -0.696961      1.28175    0.0918624
   0.0563568  -0.00179684 -0.000910935   0.00112941   0.00328177   -0.0465202   0.00149545  -0.00154359   0.00860204   -0.0561804    0.0918624    0.0424138

[15:25:38] [/home/george/au/chemistry/src/optimization/stop_strategies/AtomicStopStrategy.h:72] too large delta single value: 0.0896166 > 0.0018 [          0           0           0   0.0896166           0           0 -0.00659393     0.23584           0  -0.0327363   -0.155118   0.0246854    0.205809   -0.084476   0.0720881    0.158567  -0.0352691   -0.114583]
[15:25:41] [/home/george/au/chemistry/src/optimization/delta_strategies/HessianDeltaStrategy.h:12] hessian:
     2.78378   -0.0656773  -0.00777504   -0.0611406    0.0102188  -0.00443494    -0.516754    -0.386478   -0.0454288    -0.431801     0.333385    0.0783405
  -0.0656773     0.484287      -0.5278    0.0345583   -0.0530739  -0.00272971   0.00461377  -0.00301786  0.000704638   -0.0170298  -0.00205554  -0.00205746
 -0.00777504      -0.5278      1.12859    0.0477926   -0.0488059  -0.00240824    0.0010887   0.00382365 -1.64377e-05  -0.00367636   0.00476676   0.00123409
  -0.0611406    0.0345583    0.0477926     0.472263     0.442608    0.0218794   -0.0135192   0.00355341   0.00148519   0.00443627   0.00175254 -0.000195832
   0.0102188   -0.0530739   -0.0488059     0.442608     0.945934    0.0379594   0.00445731    0.0040806 -0.000545716 -0.000885704    0.0044848   0.00107172
 -0.00443494  -0.00272971  -0.00240824    0.0218794    0.0379594    0.0968077  0.000251853   -0.0064913    0.0439464  -0.00212667   0.00634328   -0.0302961
   -0.516754   0.00461377    0.0010887   -0.0135192   0.00445731  0.000251853     0.529304     0.426159    0.0419031     0.033025    0.0469716   0.00440301
   -0.386478  -0.00301786   0.00382365   0.00355341    0.0040806   -0.0064913     0.426159     0.788523    0.0782492   -0.0563182   -0.0855167  -0.00990095
  -0.0454288  0.000704638 -1.64377e-05   0.00148519 -0.000545716    0.0439464    0.0419031    0.0782492     0.115117  -0.00717411   -0.0154037     0.016297
   -0.431801   -0.0170298  -0.00367636   0.00443627 -0.000885704  -0.00212667     0.033025   -0.0563182  -0.00717411     0.460931    -0.370165   -0.0707428
    0.333385  -0.00205554   0.00476676   0.00175254    0.0044848   0.00634328    0.0469716   -0.0855167   -0.0154037    -0.370165     0.822471     0.125384
   0.0783405  -0.00205746   0.00123409 -0.000195832   0.00107172   -0.0302961   0.00440301  -0.00990095     0.016297   -0.0707428     0.125384     0.133617
[15:25:41] [/home/george/au/chemistry/src/optimization/stop_strategies/HistoryStrategyWrapper.h:28] Delta strategy iteration:
	iteration: 6
	value: -78.155
	point:  -0.466529   0.188953  -0.854663   0.301986   0.761924 -0.0542871  -0.639587   -0.25404  -0.193612  -0.492755   0.556022   0.346189
	grad: -0.00464328   0.0241713  -0.0121761 -0.00178076  -0.0178934  0.00611874   0.0389807  0.00361661  0.00569824   0.0291341  -0.0130656   -0.017121
	delta:  -0.0336875  -0.0773543  -0.0243851  -0.0164954   0.0210674   0.0131027    -0.14614   0.0619668  -0.0813957  -0.0660437 -0.00885606    0.142376

[15:25:41] [/home/george/au/chemistry/src/optimization/stop_strategies/HistoryStrategyWrapper.h:29] hess:
     2.78378   -0.0656773  -0.00777504   -0.0611406    0.0102188  -0.00443494    -0.516754    -0.386478   -0.0454288    -0.431801     0.333385    0.0783405
  -0.0656773     0.484287      -0.5278    0.0345583   -0.0530739  -0.00272971   0.00461377  -0.00301786  0.000704638   -0.0170298  -0.00205554  -0.00205746
 -0.00777504      -0.5278      1.12859    0.0477926   -0.0488059  -0.00240824    0.0010887   0.00382365 -1.64377e-05  -0.00367636   0.00476676   0.00123409
  -0.0611406    0.0345583    0.0477926     0.472263     0.442608    0.0218794   -0.0135192   0.00355341   0.00148519   0.00443627   0.00175254 -0.000195832
   0.0102188   -0.0530739   -0.0488059     0.442608     0.945934    0.0379594   0.00445731    0.0040806 -0.000545716 -0.000885704    0.0044848   0.00107172
 -0.00443494  -0.00272971  -0.00240824    0.0218794    0.0379594    0.0968077  0.000251853   -0.0064913    0.0439464  -0.00212667   0.00634328   -0.0302961
   -0.516754   0.00461377    0.0010887   -0.0135192   0.00445731  0.000251853     0.529304     0.426159    0.0419031     0.033025    0.0469716   0.00440301
   -0.386478  -0.00301786   0.00382365   0.00355341    0.0040806   -0.0064913     0.426159     0.788523    0.0782492   -0.0563182   -0.0855167  -0.00990095
  -0.0454288  0.000704638 -1.64377e-05   0.00148519 -0.000545716    0.0439464    0.0419031    0.0782492     0.115117  -0.00717411   -0.0154037     0.016297
   -0.431801   -0.0170298  -0.00367636   0.00443627 -0.000885704  -0.00212667     0.033025   -0.0563182  -0.00717411     0.460931    -0.370165   -0.0707428
    0.333385  -0.00205554   0.00476676   0.00175254    0.0044848   0.00634328    0.0469716   -0.0855167   -0.0154037    -0.370165     0.822471     0.125384
   0.0783405  -0.00205746   0.00123409 -0.000195832   0.00107172   -0.0302961   0.00440301  -0.00990095     0.016297   -0.0707428     0.125384     0.133617

[15:25:41] [/home/george/au/chemistry/src/optimization/stop_strategies/AtomicStopStrategy.h:72] too large delta single value: 0.0336875 > 0.0018 [          0           0           0  -0.0336875           0           0  -0.0773543  -0.0243851           0  -0.0164954   0.0210674   0.0131027    -0.14614   0.0619668  -0.0813957  -0.0660437 -0.00885606    0.142376]
[15:25:44] [/home/george/au/chemistry/src/optimization/delta_strategies/HessianDeltaStrategy.h:12] hessian:
     3.16854   -0.0581729   -0.0125987   -0.0600171    0.0119916   0.00097876    -0.469223    -0.428065  -0.00712105    -0.464592     0.427171    0.0215645
  -0.0581729     0.515706    -0.483916    0.0348573   -0.0523923 -0.000744466   0.00484696     -0.00115  0.000241838   -0.0156429   -0.0032366 -0.000362434
  -0.0125987    -0.483916     0.968755    0.0538994   -0.0658966  -0.00065919   0.00119036   0.00504538  0.000105142  -0.00332806   0.00497622   0.00011123
  -0.0600171    0.0348573    0.0538994      0.50628     0.480452     0.012838   -0.0157887   0.00319203  0.000264162    0.0047598  0.000954685  5.49786e-05
   0.0119916   -0.0523923   -0.0658966     0.480452     0.985423    0.0219242   0.00318278   0.00506107 -0.000921495  -0.00093054   0.00526917  0.000870653
  0.00097876 -0.000744466  -0.00065919     0.012838    0.0219242    0.0908524  0.000813479  -0.00119634    0.0468427 -0.000677588   0.00137833   -0.0327864
   -0.469223   0.00484696   0.00119036   -0.0157887   0.00318278  0.000813479      0.50419     0.467063   0.00648397    0.0343649    0.0520673  0.000844637
   -0.428065     -0.00115   0.00504538   0.00319203   0.00506107  -0.00119634     0.467063       0.9537    0.0162632   -0.0525835   -0.0641805 -0.000959439
 -0.00712105  0.000241838  0.000105142  0.000264162 -0.000921495    0.0468427   0.00648397    0.0162632    0.0953001  -0.00176888   -0.0028447   0.00994459
   -0.464592   -0.0156429  -0.00332806    0.0047598  -0.00093054 -0.000677588    0.0343649   -0.0525835  -0.00176888     0.501163    -0.465244   -0.0215424
    0.427171   -0.0032366   0.00497622  0.000954685   0.00526917   0.00137833    0.0520673   -0.0641805   -0.0028447    -0.465244     0.958517     0.035184
   0.0215645 -0.000362434   0.00011123  5.49786e-05  0.000870653   -0.0327864  0.000844637 -0.000959439   0.00994459   -0.0215424     0.035184    0.0959463
[15:25:44] [/home/george/au/chemistry/src/optimization/stop_strategies/HistoryStrategyWrapper.h:28] Delta strategy iteration:
	iteration: 7
	value: -78.1609
	point:  -0.500216   0.111599  -0.879048   0.285491   0.782991 -0.0411844  -0.785727  -0.192074  -0.275008  -0.558799   0.547166   0.488566
	grad:   -0.0154681  -0.00187978  0.000262511  0.000160149  0.000298689 -0.000538419   0.00324028   0.00519708  0.000451176   0.00234806  -0.00504903  -0.00249668
	delta:  0.00442231  0.00891158  0.00447941 -0.00269337 0.000959979   0.0318855 -0.00163913 -0.00160494  -0.0234347  0.00533745  0.00436405   0.0379702

[15:25:44] [/home/george/au/chemistry/src/optimization/stop_strategies/HistoryStrategyWrapper.h:29] hess:
     3.16854   -0.0581729   -0.0125987   -0.0600171    0.0119916   0.00097876    -0.469223    -0.428065  -0.00712105    -0.464592     0.427171    0.0215645
  -0.0581729     0.515706    -0.483916    0.0348573   -0.0523923 -0.000744466   0.00484696     -0.00115  0.000241838   -0.0156429   -0.0032366 -0.000362434
  -0.0125987    -0.483916     0.968755    0.0538994   -0.0658966  -0.00065919   0.00119036   0.00504538  0.000105142  -0.00332806   0.00497622   0.00011123
  -0.0600171    0.0348573    0.0538994      0.50628     0.480452     0.012838   -0.0157887   0.00319203  0.000264162    0.0047598  0.000954685  5.49786e-05
   0.0119916   -0.0523923   -0.0658966     0.480452     0.985423    0.0219242   0.00318278   0.00506107 -0.000921495  -0.00093054   0.00526917  0.000870653
  0.00097876 -0.000744466  -0.00065919     0.012838    0.0219242    0.0908524  0.000813479  -0.00119634    0.0468427 -0.000677588   0.00137833   -0.0327864
   -0.469223   0.00484696   0.00119036   -0.0157887   0.00318278  0.000813479      0.50419     0.467063   0.00648397    0.0343649    0.0520673  0.000844637
   -0.428065     -0.00115   0.00504538   0.00319203   0.00506107  -0.00119634     0.467063       0.9537    0.0162632   -0.0525835   -0.0641805 -0.000959439
 -0.00712105  0.000241838  0.000105142  0.000264162 -0.000921495    0.0468427   0.00648397    0.0162632    0.0953001  -0.00176888   -0.0028447   0.00994459
   -0.464592   -0.0156429  -0.00332806    0.0047598  -0.00093054 -0.000677588    0.0343649   -0.0525835  -0.00176888     0.501163    -0.465244   -0.0215424
    0.427171   -0.0032366   0.00497622  0.000954685   0.00526917   0.00137833    0.0520673   -0.0641805   -0.0028447    -0.465244     0.958517     0.035184
   0.0215645 -0.000362434   0.00011123  5.49786e-05  0.000870653   -0.0327864  0.000844637 -0.000959439   0.00994459   -0.0215424     0.035184    0.0959463

[15:25:44] [/home/george/au/chemistry/src/optimization/stop_strategies/AtomicStopStrategy.h:72] too large delta single value: 0.00442231 > 0.0018 [          0           0           0  0.00442231           0           0  0.00891158  0.00447941           0 -0.00269337 0.000959979   0.0318855 -0.00163913 -0.00160494  -0.0234347  0.00533745  0.00436405   0.0379702]
[15:25:46] [/home/george/au/chemistry/src/optimization/delta_strategies/HessianDeltaStrategy.h:12] hessian:
     3.12484    -0.058865   -0.0122924   -0.0586013    0.0120947  0.000686455    -0.473158    -0.443802   0.00386474    -0.474306     0.443302    0.0023067
   -0.058865     0.510391    -0.484056    0.0348784   -0.0529773 -5.54631e-06    0.0048266  -0.00111112 -0.000284558   -0.0158646   -0.0033236  0.000509783
  -0.0122924    -0.484056     0.981502    0.0531499   -0.0646487 -0.000114853   0.00110786   0.00507501 -0.000195838  -0.00332733   0.00493847  0.000256995
  -0.0586013    0.0348784    0.0531499     0.507499     0.481371  -0.00488286   -0.0158714   0.00328541  0.000544622   0.00481995   0.00110223 -0.000316493
   0.0120947   -0.0529773   -0.0646487     0.481371      0.98148  -0.00668084   0.00328247   0.00495077  0.000116219  -0.00110712    0.0050799 -0.000111666
 0.000686455 -5.54631e-06 -0.000114853  -0.00488286  -0.00668084    0.0904874  0.000554528  4.38085e-05    0.0468485  -0.00035357 -7.94671e-05   -0.0325891
   -0.473158    0.0048266   0.00110786   -0.0158714   0.00328247  0.000554528     0.507954     0.482418  -0.00488934    0.0348622    0.0531592 -0.000371108
   -0.443802  -0.00111112   0.00507501   0.00328541   0.00495077  4.38085e-05     0.482418      0.98281  -0.00629172   -0.0529133   -0.0645842  0.000673716
  0.00386474 -0.000284558 -0.000195838  0.000544622  0.000116219    0.0468485  -0.00488934  -0.00629172    0.0902186 -8.60288e-05 -0.000283852      0.01028
   -0.474306   -0.0158646  -0.00332733   0.00481995  -0.00110712  -0.00035357    0.0348622   -0.0529133 -8.60288e-05     0.509363    -0.482018  -0.00282819
    0.443302   -0.0033236   0.00493847   0.00110223    0.0050799 -7.94671e-05    0.0531592   -0.0645842 -0.000283852    -0.482018     0.979018   0.00250954
   0.0023067  0.000509783  0.000256995 -0.000316493 -0.000111666   -0.0325891 -0.000371108  0.000673716      0.01028  -0.00282819   0.00250954    0.0905535
[15:25:46] [/home/george/au/chemistry/src/optimization/stop_strategies/HistoryStrategyWrapper.h:28] Delta strategy iteration:
	iteration: 8
	value: -78.161
	point:   -0.495794     0.12051   -0.874569    0.282797    0.783951 -0.00929886   -0.787366   -0.193679   -0.298443   -0.553462     0.55153    0.526536
	grad:  -0.00056508  7.94265e-06  4.53919e-05 -0.000291504  -0.00049143  5.14515e-07  8.33381e-05  0.000237239  0.000128198  0.000295826 -0.000628328 -0.000174182
