[13:46:41] [/home/george/au/chemistry/src/main.cpp:472] nDims = 18
[13:46:46] [/home/george/au/chemistry/src/optimization/delta_strategies/HessianDeltaStrategy.h:12] hessian:
    0.154241   0.00898428   -0.0148806   0.00897713    0.0175993  -0.00869264    -0.146516    0.0441588    0.0176967    -0.117987   -0.0823091   -0.0152801
  0.00898428    0.0795989    0.0601601   0.00403794   -0.0109411   0.00285355  -0.00020225  -0.00179577  -0.00180769  -0.00773398 -0.000849657  -0.00346764
  -0.0148806    0.0601601   -0.0916356    0.0105549    0.0199042  -0.00586044  8.33432e-05   0.00115393   0.00179204 -0.000769387   0.00587926   0.00582638
  0.00897713   0.00403794    0.0105549    0.0625447   -0.0790402  -0.00159649  -0.00594765   0.00307841   0.00397254  -1.8495e-06   0.00170952   0.00143733
   0.0175993   -0.0109411    0.0199042   -0.0790402   -0.0716912   0.00187034   0.00460989   0.00334181   0.00342679  -0.00152873  0.000693638  0.000754105
 -0.00869264   0.00285355  -0.00586044  -0.00159649   0.00187034    0.0641239  -0.00172741  -0.00614939    0.0200888  0.000560535  -0.00132999   0.00420694
   -0.146516  -0.00020225  8.33432e-05  -0.00594765   0.00460989  -0.00172741     0.127404   -0.0510019   -0.0169613   0.00751838    0.0231115   0.00670077
   0.0441588  -0.00179577   0.00115393   0.00307841   0.00334181  -0.00614939   -0.0510019     0.108481  -0.00259668   -0.0194699   0.00183443   0.00956766
   0.0176967  -0.00180769   0.00179204   0.00397254   0.00342679    0.0200888   -0.0169613  -0.00259668     0.115591  -0.00839657   0.00493048   -0.0106337
   -0.117987  -0.00773398 -0.000769387  -1.8495e-06  -0.00152873  0.000560535   0.00751838   -0.0194699  -0.00839657     0.115264    0.0684021    0.0232767
  -0.0823091 -0.000849657   0.00587926   0.00170952  0.000693638  -0.00132999    0.0231115   0.00183443   0.00493048    0.0684021   -0.0225459   -0.0510641
  -0.0152801  -0.00346764   0.00582638   0.00143733  0.000754105   0.00420694   0.00670077   0.00956766   -0.0106337    0.0232767   -0.0510641    0.0850783
[13:46:46] [/home/george/au/chemistry/src/optimization/stop_strategies/HistoryStrategyWrapper.h:19] Delta strategy iteration:
	iteration: 0
	value: -77.6537
	point: 0 0 0 0 0 0 0 0 0 0 0 0
	grad:   0.119594 -0.0387632   0.130393 -0.0590857  -0.128948 0.00520173   0.105956   0.125978  0.0410166   0.058361  -0.147057 -0.0595913
	delta:   -0.119594   0.0387632   -0.130393   0.0590857    0.128948 -0.00520173   -0.105956   -0.125978  -0.0410166   -0.058361    0.147057   0.0595913

[13:46:46] [/home/george/au/chemistry/src/optimization/stop_strategies/AtomicStopStrategy.h:72] too large delta single value: 0.119594 > 0.0018 [          0           0           0   -0.119594           0           0   0.0387632   -0.130393           0   0.0590857    0.128948 -0.00520173   -0.105956   -0.125978  -0.0410166   -0.058361    0.147057   0.0595913]
[13:46:51] [/home/george/au/chemistry/src/optimization/delta_strategies/HessianDeltaStrategy.h:12] hessian:
     0.32876   0.00268345   -0.0111815   0.00187341    0.0169681  -0.00695807    -0.195064   0.00087622   0.00202002    -0.128752   -0.0993582   -0.0222935
  0.00268345     0.105592    0.0637256   0.00537193   -0.0128874   0.00180024 -0.000491839  -0.00190648 -0.000829211  -0.00863416  -0.00117689  -0.00301578
  -0.0111815    0.0637256   -0.0779685    0.0125962    0.0179542  -0.00412024  0.000992027   0.00179381  0.000660211 -0.000853837   0.00599921   0.00500787
  0.00187341   0.00537193    0.0125962    0.0893158   -0.0833235 -6.53577e-05  -0.00639713   0.00317088   0.00371737 -0.000434014   0.00164796  0.000615956
   0.0169681   -0.0128874    0.0179542   -0.0833235   -0.0559518   0.00353626   0.00436481   0.00342121   0.00320351  -0.00164408   0.00190512  0.000349329
 -0.00695807   0.00180024  -0.00412024 -6.53577e-05   0.00353626     0.091515  -0.00117623  -0.00575842    0.0194849  0.000104718  0.000860337 -0.000831099
   -0.195064 -0.000491839  0.000992027  -0.00639713   0.00436481  -0.00117623     0.179145  -0.00186185  -0.00557129     0.010364    0.0268558   0.00703086
  0.00087622  -0.00190648   0.00179381   0.00317088   0.00342121  -0.00575842  -0.00186185     0.205554    0.0165122    -0.024139   -0.0172431  0.000826478
  0.00202002 -0.000829211  0.000660211   0.00371737   0.00320351    0.0194849  -0.00557129    0.0165122     0.139425   -0.0080522  -0.00354695  -0.00339019
   -0.128752  -0.00863416 -0.000853837 -0.000434014  -0.00164408  0.000104718     0.010364    -0.024139   -0.0080522     0.130019    0.0773817    0.0279739
  -0.0993582  -0.00117689   0.00599921   0.00164796   0.00190512  0.000860337    0.0268558   -0.0172431  -0.00354695    0.0773817    0.0411693   -0.0398897
  -0.0222935  -0.00301578   0.00500787  0.000615956  0.000349329 -0.000831099   0.00703086  0.000826478  -0.00339019    0.0279739   -0.0398897      0.11234
[13:46:51] [/home/george/au/chemistry/src/optimization/stop_strategies/HistoryStrategyWrapper.h:19] Delta strategy iteration:
	iteration: 1
	value: -77.7663
	point:   -0.119594   0.0387632   -0.130393   0.0590857    0.128948 -0.00520173   -0.105956   -0.125978  -0.0410166   -0.058361    0.147057   0.0595913
	grad:   0.103351 -0.0448764   0.149745 -0.0667834  -0.147968 0.00687476   0.118008   0.107277  0.0355456  0.0800726  -0.144498 -0.0615434
	delta:   -0.103351   0.0448764   -0.149745   0.0667834    0.147968 -0.00687476   -0.118008   -0.107277  -0.0355456  -0.0800726    0.144498   0.0615434

[13:46:51] [/home/george/au/chemistry/src/optimization/stop_strategies/AtomicStopStrategy.h:72] too large delta single value: 0.103351 > 0.0018 [          0           0           0   -0.103351           0           0   0.0448764   -0.149745           0   0.0667834    0.147968 -0.00687476   -0.118008   -0.107277  -0.0355456  -0.0800726    0.144498   0.0615434]
[13:46:56] [/home/george/au/chemistry/src/optimization/delta_strategies/HessianDeltaStrategy.h:12] hessian:
    0.667431  -0.00815274  -0.00435075   -0.0096397    0.0133938  -0.00659959    -0.292615   -0.0943917   -0.0241835    -0.150769   -0.0931811   -0.0189217
 -0.00815274      0.14327    0.0594486   0.00777296   -0.0157072  0.000919299 -0.000294362  -0.00203981 -0.000239784   -0.0100424  -0.00102585   -0.0027702
 -0.00435075    0.0594486   -0.0393736    0.0153745    0.0123376  -0.00343403   0.00141713   0.00241218  8.49833e-05 -0.000908963   0.00577982   0.00450178
  -0.0096397   0.00777296    0.0153745      0.13009   -0.0764657   0.00102998  -0.00726846   0.00306138   0.00357549 -0.000200993   0.00160011  1.17587e-05
   0.0133938   -0.0157072    0.0123376   -0.0764657   -0.0125924   0.00485768   0.00395903   0.00336138   0.00284075  -0.00151027   0.00296333   0.00012754
 -0.00659959  0.000919299  -0.00343403   0.00102998   0.00485768     0.120988  -0.00102135  -0.00632137    0.0222775 -0.000439108   0.00279156  -0.00562142
   -0.292615 -0.000294362   0.00141713  -0.00726846   0.00395903  -0.00102135     0.280206     0.100225    0.0175868    0.0153982    0.0308006   0.00715981
  -0.0943917  -0.00203981   0.00241218   0.00306138   0.00336138  -0.00632137     0.100225     0.340117    0.0472301   -0.0292454   -0.0444122  -0.00906926
  -0.0241835 -0.000239784  8.49833e-05   0.00357549   0.00284075    0.0222775    0.0175868    0.0472301     0.150549  -0.00792993   -0.0133315   0.00331488
   -0.150769   -0.0100424 -0.000908963 -0.000200993  -0.00151027 -0.000439108    0.0153982   -0.0292454  -0.00792993     0.156589    0.0639729    0.0245966
  -0.0931811  -0.00102585   0.00577982   0.00160011   0.00296333   0.00279156    0.0308006   -0.0444122   -0.0133315    0.0639729     0.139128   -0.0161956
  -0.0189217   -0.0027702   0.00450178  1.17587e-05   0.00012754  -0.00562142   0.00715981  -0.00906926   0.00331488    0.0245966   -0.0161956     0.138833
[13:46:56] [/home/george/au/chemistry/src/optimization/stop_strategies/HistoryStrategyWrapper.h:19] Delta strategy iteration:
	iteration: 2
	value: -77.8858
	point:  -0.222945  0.0836397  -0.280138   0.125869   0.276916 -0.0120765  -0.223964  -0.233255 -0.0765622  -0.138434   0.291555   0.121135
	grad:  0.0855039 -0.0494559   0.166606 -0.0723627  -0.163887 0.00822996   0.11482