[13:50:25] [/home/george/au/chemistry/src/main.cpp:472] nDims = 18
[13:50:31] [/home/george/au/chemistry/src/optimization/delta_strategies/HessianDeltaStrategy.h:12] hessian:
    0.154241   0.00898428   -0.0148806   0.00897713    0.0175993  -0.00869264    -0.146516    0.0441588    0.0176967    -0.117987   -0.0823091   -0.0152801
  0.00898428    0.0795989    0.0601601   0.00403794   -0.0109411   0.00285355  -0.00020225  -0.00179577  -0.00180769  -0.00773398 -0.000849657  -0.00346764
  -0.0148806    0.0601601   -0.0916356    0.0105549    0.0199042  -0.00586044  8.33432e-05   0.00115393   0.00179204 -0.000769387   0.00587926   0.00582638
  0.00897713   0.00403794    0.0105549    0.0625447   -0.0790402  -0.00159649  -0.00594765   0.00307841   0.00397254  -1.8495e-06   0.00170952   0.00143733
   0.0175993   -0.0109411    0.0199042   -0.0790402   -0.0716912   0.00187034   0.00460989   0.00334181   0.00342679  -0.00152873  0.000693638  0.000754105
 -0.00869264   0.00285355  -0.00586044  -0.00159649   0.00187034    0.0641239  -0.00172741  -0.00614939    0.0200888  0.000560535  -0.00132999   0.00420694
   -0.146516  -0.00020225  8.33432e-05  -0.00594765   0.00460989  -0.00172741     0.127404   -0.0510019   -0.0169613   0.00751838    0.0231115   0.00670077
   0.0441588  -0.00179577   0.00115393   0.00307841   0.00334181  -0.00614939   -0.0510019     0.108481  -0.00259668   -0.0194699   0.00183443   0.00956766
   0.0176967  -0.00180769   0.00179204   0.00397254   0.00342679    0.0200888   -0.0169613  -0.00259668     0.115591  -0.00839657   0.00493048   -0.0106337
   -0.117987  -0.00773398 -0.000769387  -1.8495e-06  -0.00152873  0.000560535   0.00751838   -0.0194699  -0.00839657     0.115264    0.0684021    0.0232767
  -0.0823091 -0.000849657   0.00587926   0.00170952  0.000693638  -0.00132999    0.0231115   0.00183443   0.00493048    0.0684021   -0.0225459   -0.0510641
  -0.0152801  -0.00346764   0.00582638   0.00143733  0.000754105   0.00420694   0.00670077   0.00956766   -0.0106337    0.0232767   -0.0510641    0.0850783
[13:50:31] [/home/george/au/chemistry/src/optimization/stop_strategies/HistoryStrategyWrapper.h:19] Delta strategy iteration:
	iteration: 0
	value: -77.6537
	point: 0 0 0 0 0 0 0 0 0 0 0 0
	grad:   0.119594 -0.0387632   0.130393 -0.0590857  -0.128948 0.00520173   0.105956   0.125978  0.0410166   0.058361  -0.147057 -0.0595913
	delta:   2.12181 -0.098084  0.550862 -0.245926 -0.859477  0.359827   1.58855 -0.617844 -0.305087    2.7854   -1.9618 -0.999538

[13:50:31] [/home/george/au/chemistry/src/optimization/stop_strategies/AtomicStopStrategy.h:72] too large delta single value: 2.12181 > 0.0018 [        0         0         0   2.12181         0         0 -0.098084  0.550862         0 -0.245926 -0.859477  0.359827   1.58855 -0.617844 -0.305087    2.7854   -1.9618 -0.999538]
[13:50:37] [/home/george/au/chemistry/src/optimization/delta_strategies/HessianDeltaStrategy.h:12] hessian:
     2.46295  0.000177669   0.00113364  -0.00033472  -0.00212506   0.00113367     -2.45999      -12.374     0.356618  -0.00788416   0.00373818   0.00400553
 0.000177669      0.03063     0.026551   0.00872448   0.00850732  -0.00342892   0.00084019 -0.000811837  0.000124679 -3.63437e-05   0.00015133  4.10573e-05
  0.00113364     0.026551   -0.0672259  -0.00531868  -0.00481893  0.000961717  0.000460212 -0.000964992 -0.000786396 -2.68673e-05  0.000228251 -7.65069e-06
 -0.00033472   0.00872448  -0.00531868    0.0175356    -0.022085  0.000875934  0.000206535 -9.70957e-05  0.000460448  5.34777e-06 -4.42294e-05  2.16945e-05
 -0.00212506   0.00850732  -0.00481893    -0.022085   -0.0527741   0.00820836  -0.00110005   0.00160788   0.00130393  0.000123374 -0.000578151 -4.59949e-05
  0.00113367  -0.00342892  0.000961717  0.000875934   0.00820836    0.0151969 -0.000275777  5.87259e-05  0.000718791   2.0662e-05  2.51475e-07 -1.45119e-05
    -2.45999   0.00084019  0.000460212  0.000206535  -0.00110005 -0.000275777      2.44786      12.3837    -0.351278   0.00502272   -0.0101882   -0.0060032
     -12.374 -0.000811837 -0.000964992 -9.70957e-05   0.00160788  5.87259e-05      12.3837      12.8157    -0.516678  -0.00316362   0.00498735   0.00326469
    0.356618  0.000124679 -0.000786396  0.000460448   0.00130393  0.000718791    -0.351278    -0.516678      -5.7944  -0.00399834   0.00656152   0.00133062
 -0.00788416 -3.63437e-05 -2.68673e-05  5.34777e-06  0.000123374   2.0662e-05   0.00502272  -0.00316362  -0.00399834   0.00307002   0.00529647   0.00174872
  0.00373818   0.00015133  0.000228251 -4.42294e-05 -0.000578151  2.51475e-07   -0.0101882   0.00498735   0.00656152   0.00529647   -0.0158697  -0.00770718
  0.00400553  4.10573e-05 -7.65069e-06  2.16945e-05 -4.59949e-05 -1.45119e-05   -0.0060032   0.00326469   0.00133062   0.00174872  -0.00770718  0.000891709
[13:50:37] [/home/george/au/chemistry/src/optimization/stop_strategies/HistoryStrategyWrapper.h:19] Delta strategy iteration:
	iteration: 1
	value: -76.7359
	point:   2.12181 -0.098084  0.550862 -0.245926 -0.859477  0.359827   1.58855 -0.617844 -0.305087    2.7854   -1.9618 -0.999538
	grad:     1.92973  -0.0169989   0.0795861  -0.0134902  -0.0531647  0.00565099    -1.92874     -2.8915   0.0837639  0.00384417  -0.0140477 -0.00564682
	delta:    0.957533   -0.170974     1.22879   -0.170312    -1.11067   0.0671286       1.049    0.137169 -0.00454248     1.11307   -0.762401    -0.20794

[13:50:37] [/home/george/au/chemistry/src/optimization/stop_strategies/AtomicStopStrategy.h:72] too large delta single value: 0.957533 > 0.0018 [          0           0           0    0.957533           0           0   -0.170974     1.22879           0   -0.170312    -1.11067   0.0671286       1.049    0.137169 -0.00454248     1.11307   -0.762401    -0.20794]
