[13:39:52 22192] [/home/george/au/chemistry/src/functionLoggers.h:17] transition state
	position:   -0.02175   0.830016  0.0640939   0.115968   0.859868    1.51659    1.15059   0.391974    2.10413    2.18663  -0.245354    1.32493  -0.820731 -0.0123984  -0.587002   -1.34099  -0.810747 -0.0698084  -0.983976  0.0836215   -1.65386    3.27274  -0.665849    1.97331    3.34549  -0.522331    3.04578     4.0949    -1.1508    1.46094    2.04402  -0.370232   0.255122   0.479065    1.65574  -0.438039
	energy: -263.94515564719
	gradient: 0.00001759765 [0.0000028, 0.0000018, -0.0000026, 0.0000022, 0.0000049, -0.0000026, 0.0000005, 0.0000032, -0.0000009, -0.0000010, -0.0000018, 0.0000012, 0.0000006, 0.0000026, -0.0000010, -0.0000020, 0.0000054, 0.0000007, 0.0000015, 0.0000004, -0.0000013, -0.0000026, -0.0000034, 0.0000027, -0.0000028, -0.0000010, 0.0000024, -0.0000038, -0.0000071, 0.0000044, -0.0000009, -0.0000039, 0.0000014, 0.0000055, -0.0000010, -0.0000044]
	hessian:      5.26064      5.13875      3.70096      3.47485      3.43774      2.69839      2.60569      1.81669      1.74028      1.30944     0.932175     0.906538     0.872767     0.675388     0.589135     0.529901     0.481189     0.424942     0.382688     0.286531     0.276987     0.194886     0.185881     0.107379     0.102721    0.0582223    0.0373459    0.0174792   0.00586298  -0.00342393 -7.76824e-05  7.76492e-05 -2.85844e-05 -6.65095e-10  5.75871e-10  4.11353e-10


