[00:14:49 15805] [/home/george/au/chemistry/src/functionLoggers.h:17] transition state
	position:   -0.02175   0.830016  0.0640939   0.115968   0.859868    1.51659    1.15059   0.391974    2.10413    2.18663  -0.245354    1.32493  -0.820731 -0.0123984  -0.587002   -1.34099  -0.810747 -0.0698084  -0.983976  0.0836215   -1.65386    3.27274  -0.665849    1.97331    3.34549  -0.522331    3.04578     4.0949    -1.1508    1.46094    2.04402  -0.370232   0.255122   0.479065    1.65574  -0.438039
	energy: -263.945
	gradient: 1.75977e-05 [ 2.82279e-06  1.75835e-06 -2.61129e-06  2.15707e-06  4.88568e-06 -2.61111e-06  4.55174e-07  3.22865e-06 -9.34144e-07 -1.04234e-06 -1.76181e-06  1.15797e-06   6.4744e-07  2.55688e-06 -9.72427e-07 -2.00456e-06  5.37049e-06   7.0062e-07  1.48831e-06  4.45032e-07 -1.29248e-06 -2.63449e-06 -3.42435e-06  2.74652e-06 -2.76355e-06 -1.02887e-06  2.43469e-06 -3.81555e-06  -7.1267e-06  4.35529e-06 -8.58867e-07 -3.94244e-06  1.38744e-06  5.54858e-06 -9.60919e-07 -4.36109e-06]
	hessian:      5.26064      5.13875      3.70096      3.47485      3.43774      2.69839      2.60569      1.81669      1.74028      1.30944     0.932175     0.906538     0.872767     0.675388     0.589135     0.529901     0.481189     0.424942     0.382688     0.286531     0.276987     0.194886     0.185881     0.107379     0.102721    0.0582223    0.0373459    0.0174792   0.00586298  -0.00342393 -7.76824e-05  7.76492e-05 -2.85844e-05 -6.65096e-10  5.75871e-10  4.11353e-10


[00:15:08 15805] [/home/george/au/chemistry/src/shsWorkflow.h:437] step #0
value = -263.945
grad = 0.00167202 [-0.0002575, 0.0007304, 0.0001799, -0.0000984, 0.0004135, 0.0001017, 0.0001706, 0.0002500, 0.0001084, -0.0001362, 0.0003524, 0.0004899, -0.0003197, 0.0002973, -0.0002436, -0.0001330, 0.0000727, 0.0000345, -0.0005055, -0.0003568, 0.0001541, -0.0005191, 0.0002058, 0.0005310, 0.0002966, -0.0002263, -0.0000345, 0.0001105, -0.0001890, 0.0001537]
